4.440188015507772201e-01 5.594071407798585360e-01 6.594828974197419758e-01 1.302417430100117068e-01 1.404886064897003517e-01 -8.211573979785122268e-02 -1.069907719088785542e-01 -1.016280241216367328e-02
6.532138916278124041e-01 -6.051421179412878049e-01 -5.246954118920607590e-02 1.894942551438597023e-01 3.938614638127814760e-01 -8.350024448041287739e-02 4.182693713550586501e-02 -6.785917194952817422e-02
-4.077035475936591769e-01 -5.222309557252310386e-01 7.414443615298307311e-01 -7.264189145863889085e-02 -1.744811776560376742e-03 2.599771403712976270e-02 4.267190181460012860e-02 -5.946632505058708357e-02
4.671916479596446847e-02 5.059668067696453109e-02 -9.177952195315499523e-03 -8.618341789339583059e-01 4.655813663511654266e-01 9.179834892049738848e-02 -1.173812461696865650e-01 1.159465663556814019e-01
9.878279865112105096e-02 9.074764464435958189e-02 1.608697093020480459e-02 -6.205501004524710540e-02 -2.744954708489864403e-03 6.544484129117107418e-01 4.575620037045321498e-01 -5.832872033600865480e-01
2.793266742406650197e-02 -6.940228412008479786e-02 2.361016097640071532e-02 2.132816639321006569e-01 3.071559022860895563e-02 7.402215287406485045e-01 -4.148713785000161525e-01 4.768301179515954669e-01
1.553626665734776091e-01 -2.428638032191025777e-03 8.240281188764336795e-02 -9.425837294554752221e-02 -1.678181802724725002e-01 2.341198539493053246e-02 7.265782319334619377e-01 6.352595449621594170e-01
4.160267049007541629e-01 -1.803434567500186436e-01 6.999160996396032453e-02 -3.753258397180052053e-01 -7.610868030775949089e-01 2.007831206912028335e-02 -2.486102549116096794e-01 -8.465451972498512501e-02
